%YAML:1.0
R: !!opencv-matrix
   rows: 3
   cols: 3
   dt: d
   data: [ 9.9525404790185645e-001, 3.6603125606932498e-002,
       9.0164246410494225e-002, -2.6722585799617008e-002,
       9.9374265752548707e-001, -1.0845014533122838e-001,
       -9.3569672133396425e-002, 1.0552602432568742e-001,
       9.9000453263955468e-001 ]
T: !!opencv-matrix
   rows: 3
   cols: 1
   dt: d
   data: [ -6.6510367800746536e+001, -1.3706324446660947e+000,
       6.9443471790510252e+000 ]
Rleft: !!opencv-matrix
   rows: 3
   cols: 3
   dt: d
   data: [ 9.9883243724031101e-001, 4.5805336956293477e-002,
       -1.5350355790689177e-002, -4.6578257093176853e-002,
       9.9742760895796168e-001, -5.4485143429795303e-002,
       1.2815158319047358e-002, 5.5136521423860801e-002,
       9.9839658238724649e-001 ]
Rright: !!opencv-matrix
   rows: 3
   cols: 3
   dt: d
   data: [ 9.9438459157917514e-001, 2.0492080088589076e-002,
       -1.0382369037729279e-001, -1.4760842759602343e-002,
       9.9833997601010027e-001, 5.5672343413749679e-002,
       1.0479218268050058e-001, -5.3827195299356208e-002,
       9.9303636967397202e-001 ]
Pleft: !!opencv-matrix
   rows: 3
   cols: 4
   dt: d
   data: [ 4.0474233570778705e+002, 0., 4.7153667831420898e+002, 0., 0.,
       4.0474233570778705e+002, 3.3765185546875000e+002, 0., 0., 0., 1.,
       0. ]
Pright: !!opencv-matrix
   rows: 3
   cols: 4
   dt: d
   data: [ 4.0474233570778705e+002, 0., 4.7153667831420898e+002,
       -2.7071579588444140e+004, 0., 4.0474233570778705e+002,
       3.3765185546875000e+002, 0., 0., 0., 1., 0. ]
Q: !!opencv-matrix
   rows: 4
   cols: 4
   dt: d
   data: [ 1., 0., 0., -4.7153667831420898e+002, 0., 1., 0.,
       -3.3765185546875000e+002, 0., 0., 0., 4.0474233570778705e+002, 0.,
       0., 1.4950820818765843e-002, 0. ]
