%YAML:1.0
R: !!opencv-matrix
   rows: 3
   cols: 3
   dt: d
   data: [ 9.3777953462879082e-001, 5.4939854490140112e-002,
       3.4285734179102961e-001, -1.7667072730244086e-002,
       9.9367400343934698e-001, -1.1090468623987414e-001,
       -3.4678151475035829e-001, 9.7946859456660942e-002,
       9.3281777092314455e-001 ]
T: !!opencv-matrix
   rows: 3
   cols: 1
   dt: d
   data: [ -6.1472498010216682e+001, -2.0152048586231683e+000,
       1.5473202460498610e+001 ]
Rleft: !!opencv-matrix
   rows: 3
   cols: 3
   dt: d
   data: [ 9.9299732641354455e-001, 6.0928316391689039e-002,
       1.0121289442174242e-001, -5.4984821910033586e-002,
       9.9665191037648837e-001, -6.0511477443689253e-002,
       -1.0456088702318106e-001, 5.4522562344138395e-002,
       9.9302281499487965e-001 ]
Rright: !!opencv-matrix
   rows: 3
   cols: 3
   dt: d
   data: [ 9.6926154742503057e-001, 3.1774543785789970e-002,
       -2.4397219319102773e-001, -1.7554534073224944e-002,
       9.9802952108682619e-001, 6.0240462918810307e-002,
       2.4540556435563404e-001, -5.4105946127994929e-002,
       9.6790942529602797e-001 ]
Pleft: !!opencv-matrix
   rows: 3
   cols: 4
   dt: d
   data: [ 3.2297661658341838e+002, 0., 4.8759946250915533e+002, 0., 0.,
       3.2297661658341838e+002, 3.4086944580078125e+002, 0., 0., 0., 1.,
       0. ]
Pright: !!opencv-matrix
   rows: 3
   cols: 4
   dt: d
   data: [ 3.2297661658341838e+002, 0., 4.8759946250915533e+002,
       -2.0483820360991227e+004, 0., 3.2297661658341838e+002,
       3.4086944580078125e+002, 0., 0., 0., 1., 0. ]
Q: !!opencv-matrix
   rows: 4
   cols: 4
   dt: d
   data: [ 1., 0., 0., -4.8759946250915533e+002, 0., 1., 0.,
       -3.4086944580078125e+002, 0., 0., 0., 3.2297661658341838e+002, 0.,
       0., 1.5767401338789580e-002, 0. ]
