%YAML:1.0
R: !!opencv-matrix
   rows: 3
   cols: 3
   dt: d
   data: [ 9.6369099179541928e-001, 4.8582029455390599e-002,
       2.6256324713553603e-001, -2.0498841407054654e-002,
       9.9386782891186909e-001, -1.0865788583888489e-001,
       -2.6623198499303091e-001, 9.9330383408115758e-002,
       9.5877734907467815e-001 ]
T: !!opencv-matrix
   rows: 3
   cols: 1
   dt: d
   data: [ -6.3474965756755694e+001, -1.3588180201796294e+000,
       1.1219040807081679e+001 ]
Rleft: !!opencv-matrix
   rows: 3
   cols: 3
   dt: d
   data: [ 9.9466654769274343e-001, 5.1491784675633485e-002,
       8.9370325119234748e-002, -4.6472017688219742e-002,
       9.9727084539284505e-001, -5.7369090121999033e-002,
       -9.2080456520291593e-002, 5.2909895486179623e-002,
       9.9434487602976873e-001 ]
Rright: !!opencv-matrix
   rows: 3
   cols: 3
   dt: d
   data: [ 9.8451813001243271e-001, 2.1075725844123337e-002,
       -1.7401110728044350e-001, -1.1398237818460548e-002,
       9.9834163651330465e-001, 5.6427448804376487e-002,
       1.7491178305493454e-001, -5.3570426394420861e-002,
       9.8312566722899841e-001 ]
Pleft: !!opencv-matrix
   rows: 3
   cols: 4
   dt: d
   data: [ 3.6154807260781342e+002, 0., 4.5765964889526373e+002, 0., 0.,
       3.6154807260781342e+002, 3.3931888580322266e+002, 0., 0., 0., 1.,
       0. ]
Pright: !!opencv-matrix
   rows: 3
   cols: 4
   dt: d
   data: [ 3.6154807260781342e+002, 0., 4.5765964889526373e+002,
       -2.3310136023510473e+004, 0., 3.6154807260781342e+002,
       3.3931888580322266e+002, 0., 0., 0., 1., 0. ]
Q: !!opencv-matrix
   rows: 4
   cols: 4
   dt: d
   data: [ 1., 0., 0., -4.5765964889526373e+002, 0., 1., 0.,
       -3.3931888580322266e+002, 0., 0., 0., 3.6154807260781342e+002, 0.,
       0., 1.5510337316056760e-002, 0. ]
ROI1: [ 194, 106, 626, 479 ]
ROI2: [ 30, 109, 662, 469 ]
