%YAML:1.0
R: !!opencv-matrix
   rows: 3
   cols: 3
   dt: d
   data: [ 9.8344245762460913e-001, 4.2869341708717999e-002,
       1.7607711970250461e-001, -2.2716956308131815e-002,
       9.9311587068588381e-001, -1.1491217206159435e-001,
       -1.7979119121181492e-001, 1.0900957266809280e-001,
       9.7764617353588434e-001 ]
T: !!opencv-matrix
   rows: 3
   cols: 1
   dt: d
   data: [ -6.5025178108531705e+001, -1.2660642260248736e+000,
       8.5507851988845083e+000 ]
Rleft: !!opencv-matrix
   rows: 3
   cols: 3
   dt: d
   data: [ 9.9786447899249042e-001, 4.7453513573881938e-002,
       4.4884803826453233e-002, -4.4765237361176546e-002,
       9.9724712142378158e-001, -5.9112201244574003e-002,
       -4.7566323055743050e-002, 5.6976686999815063e-002,
       9.9724174704505908e-001 ]
Rright: !!opencv-matrix
   rows: 3
   cols: 3
   dt: d
   data: [ 9.9127978346152679e-001, 1.9300583379064758e-002,
       -1.3035289939888756e-001, -1.1681013564692363e-002,
       9.9819158466338309e-001, 5.8967060544896671e-002,
       1.3125526588510728e-001, -5.6930201022232500e-002,
       9.8971258827449393e-001 ]
Pleft: !!opencv-matrix
   rows: 3
   cols: 4
   dt: d
   data: [ 3.8429223294212125e+002, 0., 4.6815116882324224e+002, 0., 0.,
       3.8429223294212125e+002, 3.4337462234497070e+002, 0., 0., 0., 1.,
       0. ]
Pright: !!opencv-matrix
   rows: 3
   cols: 4
   dt: d
   data: [ 3.8429223294212125e+002, 0., 4.6815116882324224e+002,
       -2.5208494422762171e+004, 0., 3.8429223294212125e+002,
       3.4337462234497070e+002, 0., 0., 0., 1., 0. ]
Q: !!opencv-matrix
   rows: 4
   cols: 4
   dt: d
   data: [ 1., 0., 0., -4.6815116882324224e+002, 0., 1., 0.,
       -3.4337462234497070e+002, 0., 0., 0., 3.8429223294212125e+002, 0.,
       0., 1.5244553145352547e-002, 0. ]
