%YAML:1.0
Mleft: !!opencv-matrix
   rows: 3
   cols: 3
   dt: d
   data: [ 4.6811879100310182e+002, 0., 4.5458699877406644e+002, 0.,
       4.6786619048570594e+002, 3.1112676549119982e+002, 0., 0., 1. ]
Dleft: !!opencv-matrix
   rows: 1
   cols: 12
   dt: d
   data: [ 8.3491090355952782e+000, 8.6980028166913714e-001,
       6.7434123501641503e-004, -2.1664313561893050e-003,
       3.6867974673776907e+000, 8.3458472179291494e+000,
       1.2175144297025313e+000, 3.2872969308639650e+000, 0., 0., 0., 0. ]
Mright: !!opencv-matrix
   rows: 3
   cols: 3
   dt: d
   data: [ 4.6685373910001789e+002, 0., 4.0117316746106246e+002, 0.,
       4.6631556800831930e+002, 3.6626664582584351e+002, 0., 0., 1. ]
Dright: !!opencv-matrix
   rows: 1
   cols: 12
   dt: d
   data: [ 1.3850102162793587e+000, -2.7843293651812262e+000,
       -1.0795506204409363e-003, -5.6914646989244862e-003,
       9.9184993663575725e+000, 1.3902547706203148e+000,
       -2.7249200485906928e+000, 9.8505559799898403e+000, 0., 0., 0., 0. ]
RMS_Error: 5.3895690447430755e-001
Reprojection_Error: 6.9741919357532511e-001
