%YAML:1.0
Mleft: !!opencv-matrix
   rows: 3
   cols: 3
   dt: d
   data: [ 4.6358508182268184e+002, 0., 4.5523621756224725e+002, 0.,
       4.6354487792087872e+002, 3.1189771765165915e+002, 0., 0., 1. ]
Dleft: !!opencv-matrix
   rows: 1
   cols: 12
   dt: d
   data: [ 1.6000573894435939e+002, 6.4394516527531792e+001,
       1.3351706565447314e-003, -2.4135033518483981e-003,
       -1.2886634622855061e+002, 1.5858054495087472e+002,
       6.9504983277003333e+001, -1.3281119118040920e+002, 0., 0., 0., 0. ]
Mright: !!opencv-matrix
   rows: 3
   cols: 3
   dt: d
   data: [ 4.6486279522443454e+002, 0., 4.0171921324320817e+002, 0.,
       4.6462897326792591e+002, 3.6922851044543449e+002, 0., 0., 1. ]
Dright: !!opencv-matrix
   rows: 1
   cols: 12
   dt: d
   data: [ 5.0496660710160569e+001, -3.4142889292486003e+000,
       1.3889240918096716e-003, -5.1983859657207766e-003,
       1.6002264545513551e+001, 5.0559394278382641e+001,
       -2.4994294948104874e+000, 1.5727970436613685e+001, 0., 0., 0., 0. ]
RMS_Error: 3.5327070301316887e-001
Reprojection_Error: 4.8173225419453808e-001
