%YAML:1.0
Mleft: !!opencv-matrix
   rows: 3
   cols: 3
   dt: d
   data: [ 4.6354087959365557e+002, 0., 4.5201233038747228e+002, 0.,
       4.6343371487752398e+002, 3.1224609263612030e+002, 0., 0., 1. ]
Dleft: !!opencv-matrix
   rows: 1
   cols: 12
   dt: d
   data: [ 6.0473719831765802e-003, -1.4485140742764850e+000,
       1.1530553694473642e-003, -2.9174023768216081e-003,
       2.8940707073811414e+000, 1.2143842711898861e-002,
       -1.4291460858164573e+000, 2.8571031507714300e+000, 0., 0., 0., 0. ]
Mright: !!opencv-matrix
   rows: 3
   cols: 3
   dt: d
   data: [ 4.6015079761943008e+002, 0., 4.0040401833732807e+002, 0.,
       4.6006076351217638e+002, 3.6612343676376247e+002, 0., 0., 1. ]
Dright: !!opencv-matrix
   rows: 1
   cols: 12
   dt: d
   data: [ 1.0783297076000553e+001, 4.3585948185991841e-001,
       -2.6345264678224404e-004, -5.8055469469428982e-003,
       7.7919525490333208e-001, 1.0798584943892005e+001,
       5.5398248313668552e-001, 7.3924070291685062e-001, 0., 0., 0., 0. ]
RMS_Error: 5.2829189148573008e-001
Reprojection_Error: 7.0793417106819834e-001
