%YAML:1.0
Mleft: !!opencv-matrix
   rows: 3
   cols: 3
   dt: d
   data: [ 4.6674156294986187e+002, 0., 4.5198237815009048e+002, 0.,
       4.6637860132870657e+002, 3.1208752086334067e+002, 0., 0., 1. ]
Dleft: !!opencv-matrix
   rows: 1
   cols: 12
   dt: d
   data: [ 1.2712675826170596e+001, 3.9804705968437987e-001,
       2.0048961588332937e-003, -4.4433029556512019e-003,
       -7.3867492106287980e-001, 1.2727543282719690e+001,
       6.8597744503327762e-001, -9.9510252289151002e-001, 0., 0., 0., 0. ]
Mright: !!opencv-matrix
   rows: 3
   cols: 3
   dt: d
   data: [ 4.6497109585922709e+002, 0., 4.0106872074387030e+002, 0.,
       4.6471282159987766e+002, 3.6741599746854746e+002, 0., 0., 1. ]
Dright: !!opencv-matrix
   rows: 1
   cols: 12
   dt: d
   data: [ 5.2396026462336245e+000, -9.1916608876306949e-001,
       9.7031797756003959e-004, -4.7777491567152219e-003,
       2.2844805750921928e+000, 5.2581632483684260e+000,
       -9.3122250225179548e-001, 2.4094257836340796e+000, 0., 0., 0., 0. ]
RMS_Error: 7.0470199640908404e-001
Reprojection_Error: 7.0725914284035007e-001
